[[[6, 8], [8, 8], [10, 8], [10, 10], [10, 12], [10, 14], [10, 15], [10, 15], [10, 15], [10, 15], [10, 15], [10, 15], [10, 15], [10, 15], [10, 15], [10, 15], [10, 15], [10, 15], [10, 15], [10, 15], [10, 15], [10, 15], [10, 15], [10, 15], [10, 15], [10, 15], [10, 15], [10, 15], [10, 15], [10, 15]], 
[[10, 1], [10, 2], [10, 3], [10, 4], [10, 5], [10, 6], [10, 7], [10, 8], [10, 9], [10, 10], [10, 11], [11, 11], [11, 12], [11, 13], [11, 14], [11, 15], [11, 16], [11, 17], [11, 18], [11, 19], [11, 20], [11, 21], [11, 22], [11, 23], [11, 24], [11, 25], [10, 25], [10, 25], [10, 25], [10, 25]], 
[[22, 5], [21, 5], [21, 7], [18, 7], [17, 7], [14, 7], [12, 7], [12, 7], [9, 7], [6, 7], [4, 7], [4, 5], [4, 5], [4, 5], [4, 5], [4, 5], [4, 5], [4, 5], [4, 5], [4, 5], [4, 5], [4, 5], [4, 5], [4, 5], [4, 5], [4, 5], [4, 5], [4, 5], [4, 5], [4, 5]], 
[[23, 24], [23, 22], [23, 20], [23, 18], [23, 16], [23, 14], [23, 12], [23, 10], [23, 8], [23, 8], [23, 8], [23, 8], [23, 8], [23, 8], [23, 8], [23, 8], [23, 8], [23, 8], [23, 8], [23, 8], [23, 8], [23, 8], [23, 8], [23, 8], [23, 8], [23, 8], [23, 8], [23, 8], [23, 8], [23, 8]], 
[[14, 19], [14, 16], [14, 13], [14, 10], [14, 9], [14, 12], [14, 14], [14, 12], [14, 11], [14, 9], [14, 6], [14, 3], [14, 0], [14, 0], [14, 0], [14, 0], [14, 0], [14, 0], [14, 0], [14, 0], [14, 0], [14, 0], [14, 0], [14, 0], [14, 0], [14, 0], [14, 0], [14, 0], [14, 0], [14, 0]], 
[[22, 12], [19, 12], [17, 12], [17, 12], [17, 12], [17, 12], [17, 12], [17, 12], [17, 12], [17, 12], [17, 12], [17, 12], [17, 12], [17, 12], [17, 12], [17, 12], [17, 12], [17, 12], [17, 12], [17, 12], [17, 12], [17, 12], [17, 12], [17, 12], [17, 12], [17, 12], [17, 12], [17, 12], [17, 12], [17, 12]], 
[[12, 1], [12, 3], [12, 5], [13, 5], [13, 7], [13, 9], [13, 11], [13, 13], [13, 15], [13, 17], [13, 19], [13, 20], [11, 20], [9, 20], [7, 20], [5, 20], [3, 20], [2, 20], [2, 21], [0, 21], [0, 21], [0, 21], [0, 21], [0, 21], [0, 21], [0, 21], [0, 21], [0, 21], [0, 21], [0, 21]], 
[[0, 6], [3, 6], [5, 6], [7, 6], [7, 8], [7, 8], [7, 5], [10, 5], [9, 5], [12, 5], [15, 5], [18, 5], [21, 5], [24, 5], [24, 8], [24, 8], [24, 8], [24, 8], [24, 8], [24, 8], [24, 8], [24, 8], [24, 8], [24, 8], [24, 8], [24, 8], [24, 8], [24, 8], [24, 8], [24, 8]], 
[[19, 5], [18, 5], [17, 5], [16, 5], [15, 5], [14, 5], [13, 5], [13, 4], [13, 3], [12, 3], [11, 3], [10, 3], [10, 4], [10, 5], [10, 6], [9, 6], [8, 6], [7, 6], [6, 6], [5, 6], [4, 6], [3, 6], [2, 6], [1, 6], [1, 5], [1, 5], [1, 5], [1, 5], [1, 5], [1, 5]], 
[[28, 14], [27, 14], [26, 14], [25, 14], [25, 14], [25, 14], [25, 15], [24, 15], [23, 15], [22, 15], [21, 15], [21, 16], [21, 17], [21, 18], [21, 19], [21, 20], [21, 21], [21, 22], [21, 23], [21, 24], [21, 25], [21, 26], [21, 27], [20, 27], [19, 27], [18, 27], [17, 27], [16, 27], [15, 27], [14, 27]], 
[[15, 18], [15, 16], [15, 14], [15, 12], [15, 10], [15, 8], [14, 8], [15, 8], [17, 8], [15, 8], [15, 6], [15, 8], [13, 8], [13, 6], [13, 4], [13, 2], [13, 2], [13, 2], [13, 2], [13, 2], [13, 2], [13, 2], [13, 2], [13, 2], [13, 2], [13, 2], [13, 2], [13, 2], [13, 2], [13, 2]], 
[[15, 26], [13, 26], [13, 22], [13, 19], [13, 15], [15, 15], [15, 14], [15, 10], [15, 9], [15, 9], [15, 9], [15, 10], [15, 9], [15, 5], [15, 1], [15, 1], [15, 1], [15, 1], [15, 1], [15, 1], [15, 1], [15, 1], [15, 1], [15, 1], [15, 1], [15, 1], [15, 1], [15, 1], [15, 1], [15, 1]], 
[[26, 27], [26, 28], [25, 28], [24, 28], [23, 28], [22, 28], [21, 28], [20, 28], [19, 28], [18, 28], [17, 28], [16, 28], [15, 28], [14, 28], [13, 28], [12, 28], [11, 28], [10, 28], [9, 28], [8, 28], [7, 28], [6, 28], [5, 28], [4, 28], [3, 28], [2, 28], [1, 28], [0, 28], [0, 27], [0, 27]], 
[[1, 21], [2, 21], [3, 21], [4, 21], [5, 21], [6, 21], [7, 21], [8, 21], [9, 21], [10, 21], [10, 20], [10, 19], [11, 19], [12, 19], [13, 19], [13, 20], [14, 20], [15, 20], [16, 20], [17, 20], [18, 20], [19, 20], [20, 20], [21, 20], [21, 19], [21, 18], [22, 18], [22, 18], [22, 18], [22, 18]], 
[[10, 24], [10, 20], [10, 16], [10, 16], [10, 20], [6, 20], [2, 20], [0, 20], [0, 20], [0, 20], [0, 20], [0, 20], [0, 20], [0, 20], [0, 20], [0, 20], [0, 20], [0, 20], [0, 20], [0, 20], [0, 20], [0, 20], [0, 20], [0, 20], [0, 20], [0, 20], [0, 20], [0, 20], [0, 20], [0, 20]]]
